  1  3224 11700   431   967
  2  3300 11712   427  1033
  3  3318 11730   407  1070
  4  3336 11800   372  1110
  5  3348 11830   334  1141
  6  3348 11900   291  1151
  7  3348 11930   249  1162
  8  3348 12000   207  1173
  9  3348 12030   165  1184
 10  3400 12100   129  1216
 11  3430 12100   143  1267
 12  3500 12100   157  1317
 13  3530 12100   172  1367
 14  3548 12124   148  1406
 15  3606 12142   133  1442
 16  3630 12200   121  1489
 17  3700 12230    97  1550
 18  3730 12242    97  1603
 19  3806 12300    93  1668
 20  3830 12324    75  1717
 21  3900 12348    62  1774
 22  3930 12348    78  1822
 23  4006 12400    83  1883
 24  4024 12424    64  1921
 25  4100 12430    77  1980
 26  4130 12430    93  2026
 27  4200 12430   109  2072
 28  4230 12430   126  2118
 29  4300 12430   142  2164
 30  4330 12430   158  2210
 31  4400 12412   194  2248
 32  4430 12412   210  2294
 33  4500 12406   232  2337
 34  4530 12400   254  2380
 35  4600 12400   269  2425
 36  4630 12424   260  2478
 37  4700 12430   270  2525
 38  4730 12430   285  2569
 39  4800 12442   289  2618
 40  4830 12448   299  2664
 41  4900 12448   315  2708
 42  4900 12400   361  2692
 43  4900 12300   419  2672
 44  4900 12200   477  2654
 45  4900 12100   536  2637
 46  4900 12000   595  2620
 47  4900 11900   654  2605
 48  4900 11800   713  2591
 49  4900 11700   773  2577
 50  4900 11600   833  2565
 51  4900 11500   893  2554
 52  4900 11400   953  2544
 53  4900 11300  1013  2535
 54  4900 11200  1074  2527
 55  4900 11100  1135  2520
 56  4900 11000  1195  2514
 57  4900 10900  1256  2509
 58  4900 10800  1317  2506
 59  4900 10700  1378  2503
 60  4900 10600  1439  2501
 61  4900 10500  1500  2501
 62  4900 10400  1561  2501
 63  4900 10300  1622  2503
 64  4900 10200  1683  2506
 65  4900 10100  1744  2509
 66  4900 10000  1805  2514
 67  4900  9900  1865  2520
 68  4900  9800  1926  2527
 69  4900  9700  1987  2535
 70  4900  9600  2047  2544
 71  4900  9512  2095  2552
 72  4942  9512  2084  2616
 73  4942  9442  2114  2621
 74  4830  9400  2176  2519
 75  4824  9300  2239  2523
 76  4812  9200  2304  2518
 77  4812  9100  2364  2532
 78  4806  9000  2427  2539
 79  4812  8900  2485  2565
 80  4818  8800  2542  2591
 81  4800  8700  2610  2583
 82  4730  8600  2685  2559
 83  4700  8500  2761  2536
 84  4630  8436  2801  2500
 85  4618  8400  2845  2497
 86  4542  8318  2908  2460
 87  4524  8300  2938  2441
 88  4500  8242  2971  2413
 89  4430  8218  3014  2380
 90  4400  8206  3046  2341
 91  4330  8212  3058  2293
 92  4300  8224  3064  2243
 93  4224  8300  3046  2173
 94  4148  8300  3068  2118
 95  4148  8200  3135  2146
 96  4212  8100  3187  2211
 97  4224  8000  3244  2259
 98  4300  7900  3284  2343
 99  4330  7900  3262  2386
100  4336  7800  3321  2426
101  4342  7700  3378  2467
102  4400  7636  3389  2506
103  4418  7636  3375  2531
104  4430  7600  3402  2568
105  4442  7530  3423  2601
106  4500  7500  3438  2643
107  4500  7400  3496  2677
108  4500  7300  3554  2713
109  4500  7200  3611  2749
110  4500  7148  3622  2756
111  4536  7100  3635  2834
112  4600  7030  3641  2884
113  4642  7000  3631  2957
114  4730  6900  3639  3056
115  4718  6824  3681  3063
116  4712  6800  3707  3071
117  4700  6748  3729  3064
118  4636  6748  3752  3034
119  4600  6748  3786  2988
120  4542  6730  3819  2978
121  4500  6700  3886  2945
122  4448  6700  3898  2930
123  4436  6730  3883  2894
124  4436  6800  3856  2874
125  4406  6900  3829  2794
126  4348  6942  3807  2742
127  4348  7000  3789  2730
128  4342  7024  3772  2706
129  4312  7048  3776  2650
130  4242  7042  3809  2614
131  4218  7036  3837  2586
132  4218  7012  3861  2603
133  4200  7000  3890  2587
134  4148  7000  3901  2571
135  4142  7030  3877  2542
136  4130  7100  3857  2505
137  4124  7130  3832  2476
138  4106  7200  3817  2431
139  4054  7230  3797  2395
140  4048  7300  3770  2366
141  4042  7330  3744  2338
142  4024  7400  3727  2293
143  3954  7406  3746  2247
144  3936  7418  3748  2213
145  3900  7442  3752  2146
146  3830  7500  3757  2091
147  3742  7524  3769  2005
148  3712  7554  3759  1941
149  3648  7600  3772  1901
150  3630  7554  3794  1878
151  3600  7542  3833  1841
152  3542  7530  3863  1823
153  3524  7530  3878  1796
154  3500  7600  3862  1739
155  3442  7624  3847  1695
156  3424  7700  3816  1643
157  3418  7742  3768  1606
158  3354  7800  3764  1557
159  3348  7848  3706  1516
160  3318  7912  3698  1454
161  3248  8000  3656  1375
162  3230  8030  3629  1328
163  3200  8100  3610  1261
164  3130  8124  3598  1197
165  3048  8136  3611  1121
166  3012  8118  3663  1072
167  2936  8112  3698  1016
168  2900  8054  3751   968
169  2830  8030  3809   933
170  2800  8024  3841   887
171  2730  8018  3873   840
172  2700  8012  3905   794
173  2630  8006  3938   747
174  2600  8006  3962   695
175  2518  8012  3986   619
176  2448  8036  3972   549
177  2442  8100  3939   522
178  2436  8130  3896   490
179  2430  8200  3852   459
180  2500  8200  3829   512
181  2524  8124  3868   578
182  2600  8142  3813   629
183  2630  8200  3763   669
184  2700  8224  3704   705
185  2730  8242  3655   746
186  2800  8248  3625   793
187  2830  8254  3595   841
188  2900  8248  3583   896
189  2924  8312  3531   922
190  3000  8354  3445   959
191  3000  8354  3445   959
192  2948  8524  3320   889
193  2954  8536  3298   893
194  3012  8600  3252   912
195  3018  8624  3213   910
196  3018  8700  3159   892
197  3018  8730  3115   878
198  3012  8800  3073   853
199  3018  8830  3025   850
200  3012  8900  2983   827
201  3000  8918  2962   798
202  2930  8918  2977   746
203  2906  8900  3016   711
204  2900  8930  2973   688
205  2900  9006  2917   672
206  2906  9100  2831   661
207  2918  9130  2779   671
208  2942  9200  2723   703
209  2936  9230  2679   682
210  2942  9300  2630   683
211  2948  9330  2581   684
212  2942  9400  2537   664
213  2930  9430  2494   633
214  2900  9500  2457   571
215  2848  9530  2413   541
216  2830  9600  2371   500
217  2824  9630  2324   482
218  2800  9648  2302   434
219  2748  9700  2285   409
220  2730  9712  2270   373
221  2700  9712  2278   318
222  2630  9706  2296   263
223  2600  9700  2313   209
224  2548  9730  2266   179
225  2606  9800  2211   207
226  2618  9830  2158   223
227  2630  9900  2105   240
228  2700  9918  2069   293
229  2730  9930  2044   347
230  2800 10000  1990   398
231  2824 10030  1937   438
232  2900 10054  1894   501
233  2936 10130  1832   563
234  2942 10200  1784   571
235  2942 10242  1718   568
236  2912 10300  1691   512
237  2900 10324  1653   489
238  2918 10400  1595   521
239  2942 10430  1547   564
240  3000 10448  1518   597
241  3036 10500  1500   662
242  3100 10530  1454   705
243  3124 10600  1409   749
244  3148 10636  1355   793
245  3148 10700  1319   794
246  3148 10730  1273   796
247  3148 10812  1210   799
248  3118 10812  1207   745
249  3118 10900  1133   750
250  3118 11000  1042   757
251  3112 11106   940   756
252  3118 11130   905   771
253  3130 11200   862   798
254  3142 11230   819   825
255  3154 11300   777   852
256  3200 11330   734   869
257  3212 11400   692   897
258  3224 11430   651   925
259  3242 11424   665   955
260  3236 11500   611   954
261  3236 11530   567   962
262  3230 11600   521   960
263  3224 11630   475   958
